name	electrode_name	type	units	sampling_frequency	stream_id	recording_mode
Micropipette	Micropipette	IM	V	-1.0	Vm_0,Vm_1,Vm_10,Vm_100,Vm_101,Vm_102,Vm_103,Vm_104,Vm_105,Vm_106,Vm_107,Vm_108,Vm_109,Vm_11,Vm_110,Vm_111,Vm_112,Vm_113,Vm_114,Vm_115,Vm_116,Vm_117,Vm_118,Vm_119,Vm_12,Vm_120,Vm_121,Vm_122,Vm_123,Vm_124,Vm_125,Vm_126,Vm_127,Vm_128,Vm_129,Vm_13,Vm_130,Vm_131,Vm_132,Vm_133,Vm_134,Vm_135,Vm_136,Vm_137,Vm_138,Vm_139,Vm_14,Vm_140,Vm_141,Vm_142,Vm_143,Vm_144,Vm_145,Vm_146,Vm_147,Vm_148,Vm_149,Vm_15,Vm_150,Vm_151,Vm_152,Vm_153,Vm_154,Vm_155,Vm_156,Vm_157,Vm_158,Vm_159,Vm_16,Vm_160,Vm_161,Vm_162,Vm_163,Vm_164,Vm_165,Vm_166,Vm_167,Vm_168,Vm_169,Vm_17,Vm_170,Vm_171,Vm_172,Vm_173,Vm_174,Vm_175,Vm_176,Vm_177,Vm_178,Vm_179,Vm_18,Vm_180,Vm_181,Vm_182,Vm_183,Vm_184,Vm_185,Vm_186,Vm_187,Vm_188,Vm_189,Vm_19,Vm_190,Vm_191,Vm_192,Vm_193,Vm_194,Vm_195,Vm_196,Vm_197,Vm_198,Vm_199,Vm_2,Vm_20,Vm_200,Vm_201,Vm_202,Vm_203,Vm_204,Vm_205,Vm_206,Vm_207,Vm_208,Vm_209,Vm_21,Vm_210,Vm_211,Vm_212,Vm_213,Vm_214,Vm_215,Vm_216,Vm_217,Vm_218,Vm_219,Vm_22,Vm_220,Vm_221,Vm_222,Vm_223,Vm_224,Vm_225,Vm_226,Vm_227,Vm_228,Vm_229,Vm_23,Vm_230,Vm_231,Vm_232,Vm_233,Vm_234,Vm_235,Vm_236,Vm_237,Vm_238,Vm_239,Vm_24,Vm_240,Vm_241,Vm_242,Vm_243,Vm_244,Vm_245,Vm_246,Vm_247,Vm_248,Vm_249,Vm_25,Vm_250,Vm_251,Vm_252,Vm_253,Vm_254,Vm_255,Vm_256,Vm_257,Vm_258,Vm_259,Vm_26,Vm_260,Vm_261,Vm_262,Vm_263,Vm_264,Vm_265,Vm_266,Vm_267,Vm_268,Vm_269,Vm_27,Vm_270,Vm_271,Vm_272,Vm_273,Vm_274,Vm_275,Vm_276,Vm_277,Vm_278,Vm_279,Vm_28,Vm_280,Vm_281,Vm_282,Vm_283,Vm_284,Vm_285,Vm_286,Vm_287,Vm_288,Vm_289,Vm_29,Vm_290,Vm_291,Vm_292,Vm_293,Vm_294,Vm_295,Vm_296,Vm_297,Vm_298,Vm_299,Vm_3,Vm_30,Vm_300,Vm_301,Vm_302,Vm_303,Vm_304,Vm_305,Vm_306,Vm_307,Vm_308,Vm_309,Vm_31,Vm_310,Vm_311,Vm_312,Vm_313,Vm_314,Vm_315,Vm_316,Vm_317,Vm_318,Vm_319,Vm_32,Vm_320,Vm_321,Vm_322,Vm_323,Vm_324,Vm_325,Vm_326,Vm_327,Vm_328,Vm_329,Vm_33,Vm_330,Vm_331,Vm_332,Vm_333,Vm_334,Vm_335,Vm_336,Vm_337,Vm_338,Vm_339,Vm_34,Vm_340,Vm_341,Vm_342,Vm_343,Vm_344,Vm_345,Vm_346,Vm_347,Vm_348,Vm_349,Vm_35,Vm_350,Vm_351,Vm_352,Vm_353,Vm_354,Vm_355,Vm_356,Vm_357,Vm_358,Vm_359,Vm_36,Vm_360,Vm_361,Vm_362,Vm_363,Vm_364,Vm_365,Vm_366,Vm_367,Vm_368,Vm_369,Vm_37,Vm_370,Vm_371,Vm_372,Vm_373,Vm_374,Vm_375,Vm_376,Vm_377,Vm_378,Vm_379,Vm_38,Vm_380,Vm_381,Vm_382,Vm_383,Vm_384,Vm_385,Vm_386,Vm_387,Vm_388,Vm_389,Vm_39,Vm_390,Vm_391,Vm_392,Vm_393,Vm_394,Vm_395,Vm_396,Vm_397,Vm_398,Vm_399,Vm_4,Vm_40,Vm_400,Vm_401,Vm_402,Vm_403,Vm_404,Vm_405,Vm_406,Vm_407,Vm_408,Vm_409,Vm_41,Vm_410,Vm_411,Vm_412,Vm_413,Vm_414,Vm_415,Vm_416,Vm_417,Vm_418,Vm_419,Vm_42,Vm_420,Vm_421,Vm_422,Vm_423,Vm_424,Vm_425,Vm_426,Vm_427,Vm_428,Vm_429,Vm_43,Vm_430,Vm_431,Vm_432,Vm_433,Vm_434,Vm_435,Vm_436,Vm_437,Vm_438,Vm_439,Vm_44,Vm_440,Vm_441,Vm_442,Vm_443,Vm_444,Vm_445,Vm_446,Vm_447,Vm_448,Vm_449,Vm_45,Vm_450,Vm_451,Vm_452,Vm_453,Vm_454,Vm_455,Vm_456,Vm_457,Vm_458,Vm_459,Vm_46,Vm_460,Vm_461,Vm_462,Vm_463,Vm_464,Vm_465,Vm_466,Vm_467,Vm_468,Vm_469,Vm_47,Vm_470,Vm_471,Vm_472,Vm_473,Vm_474,Vm_475,Vm_476,Vm_477,Vm_478,Vm_479,Vm_48,Vm_480,Vm_481,Vm_482,Vm_483,Vm_484,Vm_485,Vm_486,Vm_487,Vm_488,Vm_489,Vm_49,Vm_490,Vm_491,Vm_492,Vm_493,Vm_494,Vm_495,Vm_496,Vm_497,Vm_498,Vm_499,Vm_5,Vm_50,Vm_500,Vm_501,Vm_502,Vm_503,Vm_504,Vm_505,Vm_506,Vm_507,Vm_508,Vm_509,Vm_51,Vm_510,Vm_511,Vm_512,Vm_513,Vm_514,Vm_515,Vm_516,Vm_517,Vm_518,Vm_519,Vm_52,Vm_520,Vm_521,Vm_522,Vm_523,Vm_524,Vm_525,Vm_526,Vm_527,Vm_528,Vm_529,Vm_53,Vm_530,Vm_531,Vm_532,Vm_533,Vm_534,Vm_535,Vm_536,Vm_537,Vm_538,Vm_539,Vm_54,Vm_540,Vm_541,Vm_542,Vm_543,Vm_544,Vm_545,Vm_546,Vm_547,Vm_548,Vm_549,Vm_55,Vm_550,Vm_551,Vm_552,Vm_553,Vm_554,Vm_555,Vm_556,Vm_557,Vm_558,Vm_559,Vm_56,Vm_560,Vm_561,Vm_562,Vm_563,Vm_564,Vm_565,Vm_566,Vm_567,Vm_568,Vm_569,Vm_57,Vm_570,Vm_571,Vm_572,Vm_573,Vm_574,Vm_575,Vm_576,Vm_577,Vm_578,Vm_579,Vm_58,Vm_580,Vm_581,Vm_582,Vm_583,Vm_584,Vm_585,Vm_586,Vm_587,Vm_588,Vm_589,Vm_59,Vm_590,Vm_591,Vm_592,Vm_593,Vm_594,Vm_595,Vm_596,Vm_597,Vm_598,Vm_599,Vm_6,Vm_60,Vm_600,Vm_601,Vm_602,Vm_603,Vm_604,Vm_605,Vm_606,Vm_607,Vm_608,Vm_609,Vm_61,Vm_610,Vm_611,Vm_612,Vm_613,Vm_614,Vm_615,Vm_616,Vm_617,Vm_618,Vm_619,Vm_62,Vm_620,Vm_621,Vm_622,Vm_623,Vm_624,Vm_625,Vm_626,Vm_627,Vm_628,Vm_629,Vm_63,Vm_630,Vm_631,Vm_632,Vm_633,Vm_634,Vm_635,Vm_636,Vm_637,Vm_638,Vm_639,Vm_64,Vm_640,Vm_641,Vm_642,Vm_643,Vm_644,Vm_645,Vm_646,Vm_647,Vm_648,Vm_649,Vm_65,Vm_650,Vm_651,Vm_652,Vm_653,Vm_654,Vm_655,Vm_656,Vm_657,Vm_658,Vm_659,Vm_66,Vm_660,Vm_661,Vm_662,Vm_663,Vm_664,Vm_665,Vm_666,Vm_667,Vm_668,Vm_669,Vm_67,Vm_670,Vm_671,Vm_672,Vm_673,Vm_674,Vm_675,Vm_676,Vm_677,Vm_678,Vm_679,Vm_68,Vm_680,Vm_681,Vm_682,Vm_683,Vm_684,Vm_685,Vm_686,Vm_687,Vm_688,Vm_689,Vm_69,Vm_690,Vm_691,Vm_692,Vm_693,Vm_694,Vm_695,Vm_696,Vm_697,Vm_698,Vm_699,Vm_7,Vm_70,Vm_700,Vm_701,Vm_702,Vm_703,Vm_704,Vm_705,Vm_706,Vm_707,Vm_708,Vm_709,Vm_71,Vm_710,Vm_711,Vm_712,Vm_713,Vm_714,Vm_715,Vm_716,Vm_717,Vm_718,Vm_719,Vm_72,Vm_720,Vm_721,Vm_722,Vm_723,Vm_724,Vm_725,Vm_726,Vm_727,Vm_728,Vm_729,Vm_73,Vm_730,Vm_731,Vm_732,Vm_733,Vm_734,Vm_735,Vm_736,Vm_737,Vm_738,Vm_739,Vm_74,Vm_740,Vm_741,Vm_742,Vm_743,Vm_744,Vm_745,Vm_746,Vm_747,Vm_748,Vm_749,Vm_75,Vm_750,Vm_751,Vm_752,Vm_753,Vm_754,Vm_755,Vm_756,Vm_757,Vm_758,Vm_759,Vm_76,Vm_760,Vm_761,Vm_762,Vm_763,Vm_764,Vm_765,Vm_766,Vm_767,Vm_768,Vm_769,Vm_77,Vm_770,Vm_771,Vm_772,Vm_773,Vm_774,Vm_775,Vm_776,Vm_777,Vm_778,Vm_779,Vm_78,Vm_780,Vm_781,Vm_782,Vm_783,Vm_784,Vm_785,Vm_786,Vm_787,Vm_788,Vm_789,Vm_79,Vm_790,Vm_791,Vm_792,Vm_793,Vm_794,Vm_795,Vm_796,Vm_797,Vm_798,Vm_799,Vm_8,Vm_80,Vm_800,Vm_801,Vm_802,Vm_803,Vm_804,Vm_805,Vm_806,Vm_807,Vm_808,Vm_809,Vm_81,Vm_810,Vm_811,Vm_812,Vm_813,Vm_814,Vm_815,Vm_816,Vm_817,Vm_818,Vm_819,Vm_82,Vm_820,Vm_821,Vm_822,Vm_823,Vm_824,Vm_825,Vm_826,Vm_827,Vm_828,Vm_829,Vm_83,Vm_830,Vm_831,Vm_832,Vm_833,Vm_834,Vm_835,Vm_836,Vm_837,Vm_838,Vm_839,Vm_84,Vm_840,Vm_841,Vm_842,Vm_843,Vm_844,Vm_845,Vm_846,Vm_847,Vm_848,Vm_849,Vm_85,Vm_850,Vm_851,Vm_852,Vm_853,Vm_854,Vm_86,Vm_87,Vm_88,Vm_89,Vm_9,Vm_90,Vm_91,Vm_92,Vm_93,Vm_94,Vm_95,Vm_96,Vm_97,Vm_98,Vm_99	current-clamp
